138459
103992
120319
1260
12789
1382
138459
200442
146561
148122
1548
16399
165678
165706
172136
173117
190145
190988
200111
205456
208711
210
2334
2366
24594
2535
26509
27
27118
275969
280
115144
28799
299768
209480
30655
31988
32387
32617
41188
330353
3534
39214
239066
459
4671
521
526
54376
61273
293008
64437
6477
47971
68975
69604
70680
7770
78341
821
82281
83304
186257
168230
37523
127723
79711
138459
103992
120319
1260
12789
1382
138459
139386
146561
148122
1548
3761
165678
165706
172136
173117
190145
209480
200111
205456
208711
210
2334
2366
24594
2535
37887
27
27118
275969
280
28799
299768
30655
31988
32387
32617
330353
3534
39214
459
4671
521
526
54376
61273
64437
6477
68975
69604
70680
7770
78341
821
82281
83304
168230
37523
127723
79711